y = 0.2*d1 + 0.2*d2 + 0.2*theta + 0.125/L1 + 0.125/L2 + 0.15r;
